image_width: 1280
image_height: 1024
camera_name: head_camera
camera_matrix:
  rows: 3
  cols: 3
  data: [1356.909486343261, 0, 611.5677979797821, 0, 1357.230340977432, 546.662623800019, 0, 0, 1]
distortion_model: plumb_bob
distortion_coefficients:
  rows: 1
  cols: 5
  data: [-0.4989962144697536, 0.3041866673683039, -0.008202755489083025, 0.001885045498151792, 0]
rectification_matrix:
  rows: 3
  cols: 3
  data: [1, 0, 0, 0, 1, 0, 0, 0, 1]
projection_matrix:
  rows: 3
  cols: 4
  data: [1197.223510742188, 0, 606.8076035175181, 0, 0, 1256.890258789062, 545.9526262820145, 0, 0, 0, 1, 0]